104,35
10,230
10,214
10,108
10,94
10,170
10,68
10,168
10,2
10,3
11,6
11,14
11,8
11,28
11,20
11,1
11,12
11,2
11,3
9,7
9,4
9,1
9,6
9,2
9,3
8,18
8,12
8,15
8,5
8,16
8,9
8,14
8,1
8,11
8,2
8,3
12,2
12,1
12,3
20,2
20,1
20,3
19,2
19,1
19,3
103,3
103,2
103,1
103,0
102,3
102,2
18,1
102,1
102,0
101,5
101,4
101,3
18,3
101,2
14,1
101,1
101,0
100,4
100,3
14,3
100,2
13,1
100,1
100,0
13,3
99,4
99,3
99,2
99,1
99,0
98,4
98,3
98,2
98,1
98,0
97,3
97,2
97,1
97,0
2,2
2,1
10,193
10,1
2,3
10,21
3,3
3,2
3,1
0,472
0,0
104,34
104,33
104,32
104,31
104,30
104,29
104,28
104,27
104,26
104,25
104,24
